Problem optimization done in:
7.652209016
Optimal P matrix:
[0.0 0.0 0.0 1.0 0.0 0.0; 0.0 0.0 1.0 0.0 0.0 0.0; 0.0 1.0 0.0 0.0 0.0 0.0; 1.0 0.0 0.0 0.0 0.0 0.0; 0.0 0.0 0.0 0.0 0.0 1.0; 0.0 0.0 0.0 0.0 1.0 0.0]
Global optimum: 8468.0
Completed processing QAPs//my6.dat
-------------------------------------
Problem optimization done in:
7.668350831
Optimal P matrix:
[1.0 0.0 0.0 0.0 0.0; 0.0 0.0 1.0 0.0 0.0; 0.0 0.0 0.0 1.0 0.0; 0.0 1.0 0.0 0.0 0.0; 0.0 0.0 0.0 0.0 1.0]
Global optimum: 48024.0
Completed processing QAPs//randomQAP_N5_1.dat
-------------------------------------
Problem optimization done in:
7.679640174
Optimal P matrix:
[0.0 0.0 1.0 0.0 0.0; 0.0 1.0 0.0 0.0 0.0; 0.0 0.0 0.0 0.0 1.0; 0.0 0.0 0.0 1.0 0.0; 1.0 0.0 0.0 0.0 0.0]
Global optimum: 55076.0
Completed processing QAPs//randomQAP_N5_2.dat
-------------------------------------
Problem optimization done in:
7.652565518
Optimal P matrix:
[0.0 0.0 0.0 1.0 0.0; 0.0 1.0 0.0 0.0 0.0; 0.0 0.0 0.0 0.0 1.0; 1.0 0.0 0.0 0.0 0.0; 0.0 0.0 1.0 0.0 0.0]
Global optimum: 32479.0
Completed processing QAPs//randomQAP_N5_3.dat
-------------------------------------
Problem optimization done in:
10.077580291
Optimal P matrix:
[1.0 0.0 0.0 0.0 0.0; 0.0 0.0 0.0 1.0 0.0; 0.0 1.0 0.0 0.0 0.0; 0.0 0.0 1.0 0.0 0.0; 0.0 0.0 0.0 0.0 1.0]
Global optimum: 33014.0
Completed processing QAPs//randomQAP_N5_4.dat
-------------------------------------
Problem optimization done in:
10.093611407
Optimal P matrix:
[1.0 0.0 0.0 0.0 0.0; 0.0 1.0 0.0 0.0 0.0; 0.0 0.0 1.0 0.0 0.0; 0.0 0.0 0.0 0.0 1.0; 0.0 0.0 0.0 1.0 0.0]
Global optimum: 39407.0
Completed processing QAPs//randomQAP_N5_5.dat
-------------------------------------
Problem optimization done in:
12.894748884
Optimal P matrix:
[0.0 0.0 1.0 0.0 0.0 0.0; 1.0 0.0 0.0 0.0 0.0 0.0; 0.0 1.0 0.0 0.0 0.0 0.0; 0.0 0.0 0.0 1.0 0.0 0.0; 0.0 0.0 0.0 0.0 0.0 1.0; 0.0 0.0 0.0 0.0 1.0 0.0]
Global optimum: 69260.0
Completed processing QAPs//randomQAP_N6_1.dat
-------------------------------------
Problem optimization done in:
15.465290532
Optimal P matrix:
[1.0 0.0 0.0 0.0 0.0 0.0; 0.0 0.0 0.0 1.0 0.0 0.0; 0.0 1.0 0.0 0.0 0.0 0.0; 0.0 0.0 1.0 0.0 0.0 0.0; 0.0 0.0 0.0 0.0 1.0 0.0; 0.0 0.0 0.0 0.0 0.0 1.0]
Global optimum: 62352.0
Completed processing QAPs//randomQAP_N6_2.dat
-------------------------------------
Problem optimization done in:
13.550909118
Optimal P matrix:
[0.0 0.0 0.0 1.0 0.0 0.0; 0.0 0.0 0.0 0.0 1.0 0.0; 0.0 1.0 0.0 0.0 0.0 0.0; 1.0 0.0 0.0 0.0 0.0 0.0; 0.0 0.0 1.0 0.0 0.0 0.0; 0.0 0.0 0.0 0.0 0.0 1.0]
Global optimum: 48519.0
Completed processing QAPs//randomQAP_N6_3.dat
-------------------------------------
Problem optimization done in:
12.113282412
Optimal P matrix:
[0.0 1.0 0.0 0.0 0.0 0.0; 0.0 0.0 0.0 0.0 0.0 1.0; 0.0 0.0 0.0 0.0 1.0 0.0; 1.0 0.0 0.0 0.0 0.0 0.0; 0.0 0.0 0.0 1.0 0.0 0.0; 0.0 0.0 1.0 0.0 0.0 0.0]
Global optimum: 58100.0
Completed processing QAPs//randomQAP_N6_4.dat
-------------------------------------
Problem optimization done in:
12.53378453
Optimal P matrix:
[0.0 0.0 0.0 0.0 0.0 1.0; 0.0 0.0 0.0 1.0 0.0 0.0; 0.0 0.0 1.0 0.0 0.0 0.0; 0.0 1.0 0.0 0.0 0.0 0.0; 1.0 0.0 0.0 0.0 0.0 0.0; 0.0 0.0 0.0 0.0 1.0 0.0]
Global optimum: 67008.0
Completed processing QAPs//randomQAP_N6_5.dat
-------------------------------------
Problem optimization done in:
31.096466376
Optimal P matrix:
[1.0 0.0 0.0 0.0 0.0 0.0 0.0; 0.0 0.0 0.0 0.0 0.0 1.0 0.0; 0.0 0.0 0.0 1.0 0.0 0.0 0.0; 0.0 0.0 0.0 0.0 0.0 0.0 1.0; 0.0 0.0 0.0 0.0 1.0 0.0 0.0; 0.0 0.0 1.0 0.0 0.0 0.0 0.0; 0.0 1.0 0.0 0.0 0.0 0.0 0.0]
Global optimum: 88919.0
Completed processing QAPs//randomQAP_N7_1.dat
-------------------------------------
Problem optimization done in:
26.517466703
Optimal P matrix:
[0.0 0.0 0.0 0.0 0.0 0.0 1.0; 0.0 0.0 0.0 0.0 1.0 0.0 0.0; 0.0 0.0 0.0 1.0 0.0 0.0 0.0; 0.0 0.0 0.0 0.0 0.0 1.0 0.0; 0.0 1.0 0.0 0.0 0.0 0.0 0.0; 0.0 0.0 1.0 0.0 0.0 0.0 0.0; 1.0 0.0 0.0 0.0 0.0 0.0 0.0]
Global optimum: 72825.0
Completed processing QAPs//randomQAP_N7_2.dat
-------------------------------------
Problem optimization done in:
27.923425935
Optimal P matrix:
[0.0 0.0 0.0 0.0 0.0 1.0 0.0; 0.0 0.0 0.0 0.0 1.0 0.0 0.0; 0.0 1.0 0.0 0.0 0.0 0.0 0.0; 0.0 0.0 0.0 0.0 0.0 0.0 1.0; 0.0 0.0 1.0 0.0 0.0 0.0 0.0; 0.0 0.0 0.0 1.0 0.0 0.0 0.0; 1.0 0.0 0.0 0.0 0.0 0.0 0.0]
Global optimum: 89357.0
Completed processing QAPs//randomQAP_N7_3.dat
-------------------------------------
Problem optimization done in:
24.917457825
Optimal P matrix:
[1.0 0.0 0.0 0.0 0.0 0.0 0.0; 0.0 1.0 0.0 0.0 0.0 0.0 0.0; 0.0 0.0 0.0 0.0 1.0 0.0 0.0; 0.0 0.0 0.0 0.0 0.0 0.0 1.0; 0.0 0.0 0.0 1.0 0.0 0.0 0.0; 0.0 0.0 1.0 0.0 0.0 0.0 0.0; 0.0 0.0 0.0 0.0 0.0 1.0 0.0]
Global optimum: 80682.0
Completed processing QAPs//randomQAP_N7_4.dat
-------------------------------------
Problem optimization done in:
29.207959823
Optimal P matrix:
[0.0 0.0 0.0 0.0 0.0 0.0 1.0; 0.0 0.0 1.0 0.0 0.0 0.0 0.0; 0.0 0.0 0.0 0.0 0.0 1.0 0.0; 0.0 0.0 0.0 0.0 1.0 0.0 0.0; 1.0 0.0 0.0 0.0 0.0 0.0 0.0; 0.0 0.0 0.0 1.0 0.0 0.0 0.0; 0.0 1.0 0.0 0.0 0.0 0.0 0.0]
Global optimum: 93409.0
Completed processing QAPs//randomQAP_N7_5.dat
-------------------------------------
Problem optimization done in:
125.163562565
Optimal P matrix:
[0.0 0.0 1.0 0.0 0.0 0.0 0.0 0.0; 0.0 1.0 0.0 0.0 0.0 0.0 0.0 0.0; 0.0 0.0 0.0 0.0 0.0 0.0 0.0 1.0; 0.0 0.0 0.0 1.0 0.0 0.0 0.0 0.0; 1.0 0.0 0.0 0.0 0.0 0.0 0.0 0.0; 0.0 0.0 0.0 0.0 0.0 0.0 1.0 0.0; 0.0 0.0 0.0 0.0 0.0 1.0 0.0 0.0; 0.0 0.0 0.0 0.0 1.0 0.0 0.0 0.0]
Global optimum: 130483.0
Completed processing QAPs//randomQAP_N8_1.dat
-------------------------------------
Problem optimization done in:
102.275952145
Optimal P matrix:
[0.0 0.0 0.0 1.0 0.0 0.0 0.0 0.0; 0.0 0.0 0.0 0.0 0.0 0.0 1.0 0.0; 0.0 0.0 0.0 0.0 0.0 1.0 0.0 0.0; 0.0 0.0 0.0 0.0 0.0 0.0 0.0 1.0; 1.0 0.0 0.0 0.0 0.0 0.0 0.0 0.0; 0.0 0.0 0.0 0.0 1.0 0.0 0.0 0.0; 0.0 1.0 0.0 0.0 0.0 0.0 0.0 0.0; 0.0 0.0 1.0 0.0 0.0 0.0 0.0 0.0]
Global optimum: 126699.0
Completed processing QAPs//randomQAP_N8_2.dat
-------------------------------------
Problem optimization done in:
114.1325838
Optimal P matrix:
[0.0 0.0 0.0 0.0 0.0 0.0 1.0 0.0; 0.0 0.0 0.0 0.0 0.0 0.0 0.0 1.0; 1.0 0.0 0.0 0.0 0.0 0.0 0.0 0.0; 0.0 0.0 0.0 0.0 1.0 0.0 0.0 0.0; 0.0 0.0 0.0 1.0 0.0 0.0 0.0 0.0; 0.0 1.0 0.0 0.0 0.0 0.0 0.0 0.0; 0.0 0.0 1.0 0.0 0.0 0.0 0.0 0.0; 0.0 0.0 0.0 0.0 0.0 1.0 0.0 0.0]
Global optimum: 130556.0
Completed processing QAPs//randomQAP_N8_3.dat
-------------------------------------
Problem optimization done in:
83.84356461
Optimal P matrix:
[0.0 0.0 0.0 0.0 0.0 0.0 1.0 0.0; 1.0 0.0 0.0 0.0 0.0 0.0 0.0 0.0; 0.0 0.0 1.0 0.0 0.0 0.0 0.0 0.0; 0.0 0.0 0.0 1.0 0.0 0.0 0.0 0.0; 0.0 1.0 0.0 0.0 0.0 0.0 0.0 0.0; 0.0 0.0 0.0 0.0 1.0 0.0 0.0 0.0; 0.0 0.0 0.0 0.0 0.0 0.0 0.0 1.0; 0.0 0.0 0.0 0.0 0.0 1.0 0.0 0.0]
Global optimum: 103750.0
Completed processing QAPs//randomQAP_N8_4.dat
-------------------------------------
Problem optimization done in:
94.735743478
Optimal P matrix:
[0.0 0.0 1.0 0.0 0.0 0.0 0.0 0.0; 0.0 1.0 0.0 0.0 0.0 0.0 0.0 0.0; 0.0 0.0 0.0 1.0 0.0 0.0 0.0 0.0; 1.0 0.0 0.0 0.0 0.0 0.0 0.0 0.0; 0.0 0.0 0.0 0.0 0.0 0.0 0.0 1.0; 0.0 0.0 0.0 0.0 0.0 0.0 1.0 0.0; 0.0 0.0 0.0 0.0 1.0 0.0 0.0 0.0; 0.0 0.0 0.0 0.0 0.0 1.0 0.0 0.0]
Global optimum: 78071.0
Completed processing QAPs//randomQAP_N8_5.dat
-------------------------------------
Problem optimization done in:
288.558938654
Optimal P matrix:
[0.0 0.0 0.0 0.0 0.0 0.0 0.0 0.0 1.0; 0.0 0.0 1.0 0.0 0.0 0.0 0.0 0.0 0.0; 0.0 0.0 0.0 0.0 0.0 1.0 0.0 0.0 0.0; 0.0 0.0 0.0 0.0 1.0 0.0 0.0 0.0 0.0; 0.0 0.0 0.0 0.0 0.0 0.0 1.0 0.0 0.0; 0.0 0.0 0.0 1.0 0.0 0.0 0.0 0.0 0.0; 0.0 1.0 0.0 0.0 0.0 0.0 0.0 0.0 0.0; 1.0 0.0 0.0 0.0 0.0 0.0 0.0 0.0 0.0; 0.0 0.0 0.0 0.0 0.0 0.0 0.0 1.0 0.0]
Global optimum: 183213.0
Completed processing QAPs//randomQAP_N9_1.dat
-------------------------------------
Problem optimization done in:
306.91724689
Optimal P matrix:
[1.0 0.0 0.0 0.0 0.0 0.0 0.0 0.0 0.0; 0.0 0.0 0.0 0.0 0.0 1.0 0.0 0.0 0.0; 0.0 0.0 0.0 0.0 0.0 0.0 0.0 1.0 0.0; 0.0 0.0 0.0 1.0 0.0 0.0 0.0 0.0 0.0; 0.0 0.0 0.0 0.0 0.0 0.0 0.0 0.0 1.0; 0.0 0.0 0.0 0.0 1.0 0.0 0.0 0.0 0.0; 0.0 1.0 0.0 0.0 0.0 0.0 0.0 0.0 0.0; 0.0 0.0 0.0 0.0 0.0 0.0 1.0 0.0 0.0; 0.0 0.0 1.0 0.0 0.0 0.0 0.0 0.0 0.0]
Global optimum: 143196.0
Completed processing QAPs//randomQAP_N9_2.dat
-------------------------------------
Problem optimization done in:
731.59123353
Optimal P matrix:
[0.0 0.0 0.0 0.0 1.0 0.0 0.0 0.0 0.0; 1.0 0.0 0.0 0.0 0.0 0.0 0.0 0.0 0.0; 0.0 0.0 1.0 0.0 0.0 0.0 0.0 0.0 0.0; 0.0 0.0 0.0 0.0 0.0 0.0 0.0 0.0 1.0; 0.0 0.0 0.0 0.0 0.0 0.0 0.0 1.0 0.0; 0.0 1.0 0.0 0.0 0.0 0.0 0.0 0.0 0.0; 0.0 0.0 0.0 0.0 0.0 1.0 0.0 0.0 0.0; 0.0 0.0 0.0 0.0 0.0 0.0 1.0 0.0 0.0; 0.0 0.0 0.0 1.0 0.0 0.0 0.0 0.0 0.0]
Global optimum: 151522.0
Completed processing QAPs//randomQAP_N9_3.dat
-------------------------------------
Problem optimization done in:
872.818048592
Optimal P matrix:
[0.0 0.0 0.0 1.0 0.0 0.0 0.0 0.0 0.0; 0.0 0.0 1.0 0.0 0.0 0.0 0.0 0.0 0.0; 0.0 0.0 0.0 0.0 0.0 1.0 0.0 0.0 0.0; 1.0 0.0 0.0 0.0 0.0 0.0 0.0 0.0 0.0; 0.0 1.0 0.0 0.0 0.0 0.0 0.0 0.0 0.0; 0.0 0.0 0.0 0.0 0.0 0.0 0.0 0.0 1.0; 0.0 0.0 0.0 0.0 1.0 0.0 0.0 0.0 0.0; 0.0 0.0 0.0 0.0 0.0 0.0 0.0 1.0 0.0; 0.0 0.0 0.0 0.0 0.0 0.0 1.0 0.0 0.0]
Global optimum: 177540.0
Completed processing QAPs//randomQAP_N9_4.dat
-------------------------------------
Problem optimization done in:
225.700010289
Optimal P matrix:
[0.0 0.0 0.0 0.0 0.9999999999999999 0.0 0.0 1.1102230246251565e-16 0.0; 0.0 0.0 0.0 0.0 1.1102230246251565e-16 0.0 0.0 0.0 0.9999999999999999; 0.0 0.0 0.0 0.9999999999999999 0.0 0.0 0.0 0.0 1.1102230246251565e-16; 0.0 0.9999999999999999 0.0 1.1102230246251565e-16 0.0 0.0 0.0 0.0 0.0; 1.1102230246251565e-16 0.0 0.0 0.0 0.0 0.0 0.0 0.9999999999999999 0.0; 0.0 0.0 1.0 0.0 0.0 0.0 0.0 0.0 0.0; 0.9999999999999999 1.1102230246251565e-16 0.0 0.0 0.0 0.0 0.0 0.0 0.0; 0.0 0.0 0.0 0.0 0.0 0.0 1.0 0.0 0.0; 0.0 0.0 0.0 0.0 0.0 1.0 0.0 0.0 0.0]
Global optimum: 145135.0
Completed processing QAPs//randomQAP_N9_5.dat
-------------------------------------
